p:00000001 00100011 01000101 01100111 10001001 10101011 11001101 11101111
p2:10000001 00100011 01000101 01100111 10001001 10101011 11001101 11111111
k:00010011 00110100 01010111 01111001 10011011 10111100 11011111 11110001
k2:10010011 00110100 01010111 01111001 10011011 10111100 11011111 11110001
c00:10000101 11101000 00010011 01010100 00001111 00001010 10110100 00000101
c01:01100001 01111011 00111010 00001100 11101000 11110000 01110001 00000000
c02:11010110 11111111 01001110 10101001 01000000 11101001 11101110 11111010
c03:00011100 00111011 10100100 01000011 10010110 11100100 01110111 10011101
c10:00011011 11101100 11111010 00100011 00100110 10000010 10010101 10011011
c11:00101111 10100101 10010001 10001101 11000111 00001111 10110011 10110000
c12:10010110 11011111 11001110 10111001 01010001 11100000 11101110 11111011
c13:00001101 11110111 10100110 01111000 00000100 10110010 10000111 10101100
c20:10000011 11101011 11001000 10000001 11111101 10101101 00101101 01011000
c21:01100001 01111011 00111010 00001100 11101000 11110000 01110001 00000000
c22:01011100 00110010 11101110 10011001 11110000 01101100 11101010 01010010
c23:01110000 00010100 01100110 11000001 00111100 11100100 01011111 10111111
c30:10010001 01111110 10111101 10110110 11010110 01100101 00000001 00111010
c31:00101111 10100101 10010001 10001101 11000111 00001111 10110011 10110000
c32:00011100 00010010 01101110 10001001 11100001 01100101 11101010 01010011
c33:11100000 01001100 01100001 11100001 10011001 00000000 00000101 11110110
